11232122112321122211111111222222232222232122212321
20020020000200002877888878820020020020020002000200
22222222112221122877788777822222222222222122212221
2002002000020000287CENTRAL820020020020020002000200
22232222112221122887PARK77822222222222222122212221
20020020000200002887788877820020020020020002000200
22222222112221122777777777722222232222222122212321
20020020000200002877888887820020020020020002000200
22232222112321122877866667822222222222222122212221
20020020000200002877666667820020020020020002000200
22222232112221122876666667822222222222222122212221
20020020000200002876666667820020020020020002000200
22222222112321122876666667822222232222222122212221
20020020000200002876666667820020020020020002000200
22222232112221122777888667722232222222222122212221
20020020000200002877888887820020020020020002000200
22222220000221122877777777822222222222232122212221
20020022000200002877888877820020020020020002000200
22232220100221122778888887820020020020020002000200
20020020010200002877888877722222222222222122212221
22222220002321122877778877820020020020020002000200
20020020000200002877777777820020020020020002000200
22222220000222222877777777822222232222222123212221
20020020000202002877766777820020020020020002000200
22232222112222222777777777810010020010022002212200
20020020000200002877777777810010022220020122000200
22222220000220001877667777820020020020020002000200
20020020000201001877666677822230020022222122212221
22232220000100102877667777820020020020020002000200
20020020000100022877888877722222222232232123212221
22222220000100002877888777820000020020020002000200
20020020000200002877777777820000020020020002000200
22222222112321122877888887822222222222232122212221
20020020000200002222222211220020020020020002000200
20020020000200002002002000020020020020020002000200
22232222112321123222223211222232222222232122212321
20020020000200002002002000020020020020020002000200
20020020000200002002002000020020020020020002000200
22222222112221122222222211222222222222222122212221
20020020000200002002002000020020020020020002000200
22232222112221123222222211222232222222232122212321
20020020000200002002002000020020020020020002000200
10010020000200002001002211010022220020020002000100
10010022112221122001002000010020020022222122000100
20020020000200002002002000020020020020020002000200
22232222112321122222223222222232222222232122212221
20020020000200002002002002020020020020020002000200
20020020000200002002002002020020020020020002000200
22222222112221122222222222222232222222222122212221
20020020000200002002002000020020020020020002000200