11232122112321122211111111222222232222232122212321
20020020000200002000000000020020020020020002000200
22222222112221122000000000022222222222222122212221
20020020000200002000000000020020020020020002000200
22232222112221122000000000022222222222222122212221
20020020000200002000000000020020020020020002000200
22222222112221122000000000022222232222222122212321
20020020000200002000000000020020020020020002000200
22232222112321122000000000022222222222222122212221
20020020000200002000000000020020020020020002000200
22222232112221122000000000022222222222222122212221
20020020000200002000000000020020020020020002000200
22222222112321122000000000022222232222222122212221
20020020000200002000000000020020020020020002000200
22222232112221122000000000022232222222222122212221
20020020000200002000000000020020020020020002000200
22222220000221122000000000022222222222232122212221
20020022000200002000000000020020020020020002000200
22232220100221122000000000020020020020020002000200
20020020010200002000000000022222222222222122212221
22222220002321122000000000020020020020020002000200
20020020000200002000000000020020020020020002000200
22222220000222222000000000022222232222222123212221
20020020000202002000000000020020020020020002000200
22232222112222222000000000010010020010022002212200
20020020000200002000000000010010022220020122000200
22222220000220001000000000020020020020020002000200
20020020000201001000000000022230020022222122212221
22232220000100102000000000020020020020020002000200
20020020000100022000000000022222222232232123212221
22222220000100002000000000020000020020020002000200
20020020000200002000000000020000020020020002000200
22222222112321122000000000022222222222232122212221
20020020000200002222222211220020020020020002000200
20020020000200002002002000020020020020020002000200
22232222112321123222223211222232222222232122212321
20020020000200002002002000020020020020020002000200
20020020000200002002002000020020020020020002000200
22222222112221122222222211222222222222222122212221
20020020000200002002002000020020020020020002000200
22232222112221123222222211222232222222232122212321
20020020000200002002002000020020020020020002000200
10010020000200002001002211010022220020020002000100
10010022112221122001002000010020020022222122000100
20020020000200002002002000020020020020020002000200
22232222112321122222223222222232222222232122212221
20020020000200002002002002020020020020020002000200
20020020000200002002002002020020020020020002000200
22222222112221122222222222222232222222222122212221
20020020000200002002002000020020020020020002000200